100.615	2799.2
102.568	2819.2
104.518	2817.2
106.471	2855
108.423	2827.4
110.372	2803.2
112.323	2828.4
114.272	2863.8
116.222	2830.6
118.172	2851
120.12	2841.4
122.069	2868.6
124.015	2842
125.964	2859.4
127.91	2864.4
129.857	2835.6
131.802	2871.2
133.749	2855.4
135.693	2849.4
137.639	2846.6
139.582	2827.2
141.527	2862.6
143.47	2852.8
145.414	2832.8
147.356	2863.6
149.297	2847.8
151.24	2836
153.181	2823.6
155.123	2823.2
157.063	2822
159.002	2831.6
160.943	2839.2
162.881	2827.4
164.82	2826.8
166.759	2816.2
168.697	2824.8
170.634	2859.2
172.57	2827.6
174.508	2852.2
176.444	2839.4
178.379	2855.6
180.314	2814.2
182.249	2836.4
184.185	2835.2
186.118	2809.2
188.052	2843.2
189.985	2833.8
191.917	2840.2
193.849	2816.8
195.781	2863.8
197.714	2849
199.645	2810.4
201.575	2824.6
203.505	2848.2
205.435	2845.8
207.364	2843.2
209.293	2842.4
211.222	2849.8
213.15	2838.2
215.077	2853.6
217.005	2856.2
218.931	2874.2
220.858	2872.2
222.784	2873.8
224.71	2848.2
226.635	2851.8
228.558	2887.6
230.482	2862.6
232.406	2862.2
234.33	2873.6
236.253	2900.2
238.176	2872.6
240.098	2862.8
242.018	2858.8
243.94	2859
245.861	2877.4
247.782	2874.6
249.701	2889
251.621	2863.8
253.54	2886
255.46	2891.6
257.376	2884.6
259.295	2862.2
261.213	2900.8
263.129	2894.4
265.046	2887.6
266.963	2906.6
268.877	2908.2
270.793	2930
272.707	2927.6
274.622	2953.2
276.537	2961.6
278.45	2956
280.364	2977.2
282.275	2987.6
284.189	3021.4
286.1	2973.4
288.012	3010.2
289.922	2998.6
291.834	3006.6
293.743	2992.2
295.654	3014
297.563	2993.4
299.471	3025.4
301.38	3011.6
303.288	3003.2
305.197	2988
307.103	2980.2
309.009	2984.8
310.917	2981
312.823	2951.4
314.728	2992.4
316.634	2955.6
318.538	2964.4
320.442	2968
322.345	2945.4
324.251	2967.8
326.153	2962.4
328.055	2948.8
329.957	2946.2
331.859	2980.6
333.762	2956.4
335.662	2974.4
337.563	2990.8
339.462	2978.4
341.362	3008.2
343.261	3009.4
345.16	3001.6
347.058	3005.6
348.958	3024.4
350.855	3033
352.752	3026
354.649	3049.8
356.545	3068
358.441	3039.2
360.337	3072.6
362.232	3058.8
364.127	3077.4
366.019	3085.6
367.913	3077.4
369.807	3125.2
371.7	3096.6
373.593	3097
375.485	3130.2
377.377	3142.2
379.269	3110.6
381.158	3131.2
383.049	3153.6
384.94	3166.2
386.83	3156.8
388.719	3177.4
390.607	3212.2
392.496	3226
394.384	3233.2
396.272	3230.4
398.158	3259.6
400.045	3283.2
401.932	3279.2
403.817	3305
405.703	3331.8
407.587	3329.2
409.472	3351.2
411.357	3387.6
413.24	3391.2
415.124	3409.6
417.006	3413.8
418.89	3457.6
420.771	3465.4
422.654	3501.4
424.534	3504.8
426.416	3525.2
428.295	3548.2
430.177	3567
432.055	3600.4
433.936	3622.2
435.814	3621.2
437.691	3622.8
439.571	3629.8
441.448	3645
443.326	3676.2
445.202	3643.2
447.078	3664.4
448.953	3662.4
450.83	3674.4
452.705	3686.8
454.579	3629
456.455	3640.8
458.328	3634.4
460.201	3584.4
462.074	3562.6
463.946	3553.6
465.82	3560.8
467.691	3529.2
469.563	3528.8
471.433	3505
473.304	3483.6
475.174	3494
477.043	3471.2
478.912	3441
480.781	3462
482.65	3427.2
484.518	3430.4
486.385	3416.6
488.253	3398.4
490.12	3386.6
491.986	3380
493.852	3375.4
495.718	3331
497.583	3360
499.448	3350.8
501.313	3310.4
503.177	3318.2
505.041	3312
506.902	3296.4
508.766	3291.8
510.628	3292.4
512.491	3287.2
514.353	3288.2
516.212	3234
518.073	3243.2
519.934	3238
521.793	3254.6
523.653	3227.2
525.512	3217
527.37	3203.6
529.229	3177.2
531.087	3206
532.943	3208.2
534.801	3184.6
536.659	3195.4
538.514	3174.2
540.37	3175.6
542.224	3155.4
544.08	3171.2
545.934	3173.6
547.789	3162.6
549.642	3135.6
551.496	3149.6
553.348	3149.4
555.2	3129.8
557.053	3138.6
558.904	3146.4
560.756	3149.4
562.607	3141.8
564.456	3169.2
566.308	3138.4
568.157	3151.4
570.005	3110.2
571.856	3153.4
573.703	3153
575.551	3129.6
577.398	3115.8
579.247	3156
581.093	3129.8
582.939	3116.4
584.785	3120.4
586.63	3099.4
588.475	3100.8
590.319	3089.2
592.166	3113.8
594.009	3106.6
595.853	3117.8
597.696	3100.4
599.538	3079
601.381	3063.2
603.222	3047
605.064	3053.6
606.905	3055.2
608.746	3071.6
610.586	3058
612.426	3046
614.264	3047.2
616.103	3076.4
617.942	3045.4
619.781	3021.6
621.619	3051.6
623.457	3028
625.294	3046
627.129	3027.2
628.966	3033.4
630.802	3026.4
632.638	3053.2
634.471	3004
636.307	3015.2
638.141	3001.2
639.974	2968.4
641.808	3021
643.642	2983.4
645.473	2996.2
647.306	2993.2
649.137	2974.2
650.969	2969.4
652.801	2966.2
654.63	2945.2
656.461	2939
658.29	2904.4
660.12	2922.6
661.948	2876.8
663.778	2870
665.605	2871.4
667.432	2838.6
669.261	2825
671.087	2826.6
672.915	2822.8
674.74	2817.4
676.565	2783.8
678.392	2777
680.216	2767.2
682.04	2740.2
683.864	2755.2
685.689	2703
687.512	2696.6
689.334	2685.4
691.156	2673.6
692.978	2682
694.801	2643
696.622	2638.8
698.443	2638.2
700.263	2617.2
702.083	2613.6
703.903	2599.2
705.722	2581.4
707.541	2578.4
709.359	2563.4
711.177	2586.6
712.995	2552.6
714.813	2552.2
716.629	2570.2
718.446	2559
720.262	2528.6
722.078	2537.8
723.894	2569.6
725.709	2543
727.522	2536.4
729.336	2553.6
731.15	2523
732.964	2505
734.777	2517.4
736.588	2532
738.401	2524.6
740.213	2513.6
742.023	2536
743.835	2519
745.646	2524
747.455	2523
749.265	2528.2
751.075	2510.2
752.883	2516
754.692	2488.8
756.499	2506.2
758.308	2508.6
760.114	2488.6
761.922	2509.8
763.727	2472.4
765.535	2474.4
767.339	2472
769.146	2447.4
770.95	2463
772.756	2452
774.559	2433.4
776.362	2455.4
778.167	2442
779.969	2445.6
781.771	2449.6
783.575	2421.8
785.376	2442.8
787.177	2461.2
788.977	2396.6
790.777	2452.2
792.579	2437.8
794.378	2451
796.178	2436.4
797.976	2432.8
799.775	2452.4
801.573	2439.8
803.37	2439.2
805.167	2423.6
806.964	2455.6
808.763	2447.2
810.559	2419.4
812.355	2435.4
814.148	2451.6
815.943	2436.4
817.738	2452.4
819.533	2457
821.327	2422
823.12	2443.4
824.914	2481.6
826.707	2474.6
828.499	2444.2
830.289	2462
832.081	2468.8
833.873	2457.2
835.664	2491
837.453	2477.2
839.243	2454.8
841.033	2449.6
842.821	2464
844.611	2453.8
846.4	2499.4
848.186	2472.2
849.975	2480
851.761	2480.4
853.548	2451.8
855.335	2461.2
857.12	2435.8
858.907	2467.2
860.691	2471.8
862.475	2467.4
864.26	2451.2
866.044	2463.2
867.828	2471.6
869.611	2449.8
871.393	2455.4
873.177	2449.6
874.958	2463.4
876.739	2446.8
878.522	2465.6
880.302	2463.4
882.082	2458.8
883.862	2443.2
885.643	2438.8
887.422	2446
889.2	2436.6
890.978	2449.8
892.756	2455.2
894.534	2448.8
896.311	2431.6
898.09	2429.8
899.866	2449.6
901.642	2456.8
903.418	2472.8
905.193	2459.6
906.968	2470.6
908.743	2481.4
910.515	2493.8
912.289	2471.2
914.063	2477.8
915.836	2490
917.609	2497
919.382	2495.4
921.154	2498.8
922.924	2480
924.695	2498.2
926.466	2470.2
928.237	2487.6
930.006	2490.2
931.776	2500.2
933.545	2494
935.313	2514.8
937.082	2491.6
938.851	2494.4
940.617	2535
942.385	2492.8
944.151	2527
945.918	2518.4
947.683	2509
949.45	2507.4
951.214	2541
952.98	2534.2
954.743	2550.8
956.509	2536
958.272	2529.8
960.036	2521.4
961.798	2548.4
963.56	2521.6
965.324	2529.8
967.085	2539.2
968.846	2535.6
970.606	2521.2
972.368	2551
974.128	2551.8
975.887	2541.4
977.646	2548.4
979.405	2533.4
981.163	2554.2
982.923	2539.2
984.681	2554.8
986.438	2569.6
988.195	2566.6
989.952	2543.8
991.708	2554.6
993.464	2560.8
995.22	2596.8
996.975	2580
998.73	2592.2
1000.48	2579.6
1002.24	2580.4
1003.99	2587.8
1005.74	2611.4
1007.5	2605.8
1009.25	2619.8
1011	2635.8
1012.75	2591.8
1014.51	2630.8
1016.26	2631.4
1018.01	2653.8
1019.76	2635.2
1021.51	2666.4
1023.26	2640.2
1025	2659.6
1026.75	2663
1028.5	2664
1030.25	2685
1032	2667.6
1033.74	2674.2
1035.49	2671.2
1037.24	2663
1038.98	2670.2
1040.73	2659.2
1042.47	2689.2
1044.22	2681.4
1045.96	2677.6
1047.71	2677.6
1049.45	2667.2
1051.19	2680.8
1052.94	2641
1054.68	2645
1056.42	2676
1058.16	2660.6
1059.9	2667.6
1061.64	2665.2
1063.39	2670.8
1065.13	2665
1066.86	2644.2
1068.6	2649
1070.34	2642
1072.08	2641
1073.82	2644.2
1075.56	2635.2
1077.3	2620.2
1079.03	2637.4
1080.77	2646.2
1082.51	2632.8
1084.24	2636
1085.98	2653.6
1087.71	2645.6
1089.45	2646
1091.18	2629.6
1092.92	2639
1094.65	2631.6
1096.38	2631.8
1098.12	2653.4
1099.85	2617.6
1101.58	2638.4
1103.31	2644
1105.04	2653.8
1106.78	2658.6
1108.51	2654.6
1110.24	2656
1111.96	2654.8
1113.7	2667.8
1115.42	2675.2
1117.15	2653
1118.88	2664.8
1120.61	2698
1122.34	2700
1124.06	2682.8
1125.79	2699
1127.52	2709.4
1129.24	2712.2
1130.97	2716.2
1132.69	2694.8
1134.42	2731.6
1136.14	2723
1137.87	2723.2
1139.59	2744.4
1141.31	2724.4
1143.04	2727.8
1144.76	2700.6
1146.48	2719.6
1148.21	2751
1149.93	2728.8
1151.65	2741.6
1153.37	2720.6
1155.09	2721.2
1156.81	2711
1158.53	2728
1160.25	2742.8
1161.97	2723.8
1163.68	2737.6
1165.4	2726.2
1167.12	2718.6
1168.84	2702.8
1170.56	2703
1172.27	2700.8
1173.99	2726
1175.7	2727
1177.42	2710
1179.13	2731.2
1180.85	2689.6
1182.56	2730.2
1184.28	2703.2
1185.99	2681
1187.7	2709.6
1189.42	2690.8
1191.13	2712.6
1192.84	2684.8
1194.55	2711.4
1196.27	2703.6
1197.98	2711.6
1199.69	2704.8
1201.4	2737
1203.11	2790.4
1204.82	2726.8
1206.53	2677.4
1208.23	2692.4
1209.94	2696.8
1211.65	2700.8
1213.36	2697.6
1215.06	2715.2
1216.77	2703.6
1218.48	2701.6
1220.19	2709.6
1221.89	2724.4
1223.6	2688.4
1225.3	2704
1227.01	2719.8
1228.71	2695.2
1230.41	2709.2
1232.12	2716.4
1233.82	2720.6
1235.52	2710.4
1237.23	2728.2
1238.93	2729.8
1240.63	2719.4
1242.33	2731.2
1244.03	2732.2
1245.73	2711.6
1247.43	2723
1249.13	2716.8
1250.83	2723.6
1252.53	2732.6
1254.23	2715.2
1255.93	2712.2
1257.62	2743.6
1259.32	2709.8
1261.02	2711.2
1262.71	2704.8
1264.41	2713.2
1266.11	2710.4
1267.8	2701.6
1269.5	2697.4
1271.19	2708.8
1272.89	2678.4
1274.58	2681.4
1276.28	2691.6
1277.97	2686
1279.66	2691.8
1281.36	2698
1283.05	2685.8
1284.74	2678.2
1286.43	2681.6
1288.12	2672.2
1289.81	2709.4
1291.5	2690.2
1293.19	2690.8
1294.88	2672.6
1296.57	2686.8
1298.26	2714.2
1299.95	2691.8
1301.64	2714.4
1303.33	2697.4
1305.01	2685.8
1306.7	2681
1308.39	2682.4
1310.07	2697.6
1311.76	2682.8
1313.44	2709.6
1315.13	2673.8
1316.81	2698.4
1318.5	2674.2
1320.18	2709.2
1321.87	2691.6
1323.55	2727.6
1325.23	2695
1326.92	2687.8
1328.6	2698.6
1330.28	2700.8
1331.96	2704.6
1333.64	2707.6
1335.32	2706.4
1337	2707.2
1338.68	2693
1340.36	2697
1342.04	2719.4
1343.72	2736.6
1345.4	2718.6
1347.08	2704
1348.76	2719.8
1350.43	2714
1352.11	2750
1353.79	2732.8
1355.46	2712.2
1357.14	2713.2
1358.82	2733.8
1360.49	2738.8
1362.17	2754
1363.84	2732.2
1365.52	2740
1367.19	2742.4
1368.86	2729.4
1370.54	2739.4
1372.21	2727.2
1373.88	2738.4
1375.55	2706.2
1377.22	2704.6
1378.89	2724.2
1380.57	2719.8
1382.24	2729.4
1383.91	2719.8
1385.58	2720
1387.25	2756.4
1388.91	2749
1390.58	2740.8
1392.25	2719.2
1393.92	2735.2
1395.59	2732.2
1397.25	2737.4
1398.92	2737.6
1400.59	2726.8
1402.25	2749.6
1403.92	2728.8
1405.59	2741.6
1407.25	2757
1408.92	2759.4
1410.58	2711
1412.24	2727.2
1413.91	2745.2
1415.57	2731
1417.23	2733.4
1418.9	2753.6
1420.56	2740.2
1422.22	2700.2
1423.88	2740.4
1425.54	2750.6
1427.2	2756.4
1428.86	2756.2
1430.52	2753
1432.18	2735.6
1433.84	2752.2
1435.5	2750.4
1437.16	2741.6
1438.82	2725.8
1440.47	2744.4
1442.13	2755.6
1443.79	2771.4
1445.44	2741.8
1447.1	2783.2
1448.76	2733.4
1450.41	2781
1452.07	2760.6
1453.72	2748.2
1455.38	2751.4
1457.03	2781
1458.68	2780.6
1460.34	2761.4
1461.99	2766
1463.64	2774
1465.3	2764.8
1466.95	2780.8
1468.6	2782.6
1470.25	2805.4
1471.9	2801
1473.55	2782.8
1475.2	2784
1476.85	2812.8
1478.5	2797.8
1480.15	2805
1481.8	2798
1483.45	2804.8
1485.09	2797.4
1486.74	2798.6
1488.39	2834.2
1490.04	2810.4
1491.68	2832.6
1493.33	2830.6
1494.97	2813.2
1496.62	2810.2
1498.26	2846.6
1499.91	2837.8
1501.55	2826.6
1503.2	2806
1504.84	2822.2
1506.48	2834.8
1508.13	2809.4
1509.77	2831
1511.41	2842.2
1513.05	2830.2
1514.7	2860.6
1516.34	2839
1517.98	2834.8
1519.62	2849.4
1521.26	2850
1522.9	2841.2
1524.54	2855
1526.18	2832
1527.81	2839.6
1529.45	2862.4
1531.09	2846
1532.73	2843.4
1534.36	2863.2
1536	2867
1537.64	2862.4
1539.27	2848.6
1540.91	2868.2
1542.54	2868.4
1544.18	2869.6
1545.81	2867.2
1547.45	2898.4
1549.08	2855
1550.72	2874
1552.35	2861.6
1553.98	2893.4
1555.61	2853
1557.25	2867.6
1558.88	2878
1560.51	2880
1562.14	2865.2
1563.77	2902.2
1565.4	2888.4
1567.03	2906.8
1568.66	2921.2
1570.29	2901.2
1571.92	2908.4
1573.55	2902
1575.17	2915.8
1576.8	2924.8
1578.43	2922
1580.06	2920.4
1581.68	2924
1583.31	2947.6
1584.94	2929
1586.56	2904.4
1588.19	2924.2
1589.81	2941
1591.44	2959.8
1593.06	2966
1594.68	2930.8
1596.31	2957.2
1597.93	2951
1599.56	2941.4
1601.18	2968.2
1602.8	2927.6
1604.42	2991
1606.04	3012
1607.66	2992.4
1609.28	2980
1610.9	2969
1612.52	3012.2
1614.14	2991.4
1615.76	2999.2
1617.38	2995.6
1619	2997.2
1620.62	3024.8
1622.24	3011.2
1623.85	3029.4
1625.47	3006.6
1627.09	2995.4
1628.7	3009.8
1630.32	3017.4
1631.94	3023.6
1633.55	3019.6
1635.17	3015.4
1636.78	3044.6
1638.4	3038
1640.01	3045.6
1641.62	3031.6
1643.24	3058.4
1644.85	3058.4
1646.46	3035.2
1648.07	3029.4
1649.69	3018.2
1651.3	3047.8
1652.91	3048.8
1654.52	3079
1656.13	3054.4
1657.74	3026.4
1659.35	3044.8
1660.96	3057.6
1662.57	3069.4
1664.18	3070
1665.78	3057.6
1667.39	3058.8
1669	3063.6
1670.61	3044
1672.21	3077
1673.82	3053
1675.43	3044.6
1677.03	3057.8
1678.64	3059.4
1680.24	3047.6
1681.85	3049
1683.45	3045.6
1685.06	3058.4
1686.66	3067
1688.26	3063.4
1689.87	3032
1691.47	3067.8
1693.07	3074.2
1694.67	3079
1696.27	3074
1697.88	3080.8
1699.48	3092.6
1701.08	3084.6
1702.68	3095.6
1704.28	3106.6
1705.88	3085.6
1707.48	3098.8
1709.07	3075.4
1710.67	3072.6
1712.27	3117
1713.87	3101.6
1715.47	3137.2
1717.06	3109.8
1718.66	3116.6
1720.26	3137.8
1721.85	3137.6
1723.45	3144.2
1725.04	3118.8
1726.64	3154.8
1728.23	3138.6
1729.83	3157.4
1731.42	3160.4
1733.02	3134.8
1734.61	3154.4
1736.2	3167.8
1737.79	3157.4
1739.38	3180.6
1740.98	3189.8
1742.57	3177.6
1744.16	3175.4
1745.75	3218.6
1747.34	3244.6
1748.93	3211
1750.52	3215.6
1752.11	3200.8
1753.7	3220.2
1755.29	3207.6
1756.88	3225.4
1758.46	3215.2
1760.05	3243.8
1761.64	3226
1763.23	3240.8
1764.81	3236
1766.4	3250.6
1767.98	3270
1769.57	3236
1771.16	3257
1772.74	3252
1774.33	3260
1775.91	3257.8
1777.49	3244
1779.08	3259.2
1780.66	3244
1782.24	3255.2
1783.82	3247.8
1785.41	3238
1786.99	3243
1788.57	3247.8
1790.15	3260.4
1791.73	3250.6
1793.31	3261.8
1794.89	3226.6
1796.47	3268.8
1798.05	3251.4
1799.63	3257
1801.21	3263.6
1802.79	3245.2
1804.36	3251.8
1805.94	3251
1807.52	3247.4
1809.1	3219.6
1810.67	3260
1812.25	3296.2
1813.82	3277.4
1815.4	3260.6
1816.97	3271.2
1818.55	3272.2
1820.12	3241.4
1821.7	3270
1823.27	3270.6
1824.85	3274
1826.42	3276.8
1827.99	3292
1829.56	3275
1831.14	3285.4
1832.71	3299
1834.28	3290.4
1835.85	3278
1837.42	3268.2
1838.99	3287.2
1840.56	3326.8
1842.13	3311.4
1843.7	3290
1845.27	3334.2
1846.84	3311.2
1848.41	3324.8
1849.97	3341.4
1851.54	3330
1853.11	3364.2
1854.68	3364.6
1856.24	3375.2
1857.81	3376.4
1859.37	3383.6
1860.94	3387
1862.5	3395.8
1864.07	3371
1865.63	3381
1867.2	3455.8
1868.76	3420.6
1870.32	3441.2
1871.89	3448.4
1873.45	3425.6
1875.01	3438
1876.57	3444.4
1878.14	3427.2
1879.7	3459
1881.26	3446
1882.82	3484.8
1884.38	3447.4
1885.94	3463.6
1887.5	3469
1889.06	3476
1890.62	3470.4
1892.18	3496.4
1893.73	3490.6
1895.29	3449.6
1896.85	3477.4
1898.41	3475
1899.96	3502.4
1901.52	3469.6
1903.08	3502.4
1904.63	3476.4
1906.19	3504.2
1907.74	3512.6
1909.3	3488.6
1910.85	3493.6
1912.41	3486.2
1913.96	3497.6
1915.51	3496.2
1917.07	3502.8
1918.62	3468
1920.17	3493
1921.73	3525.6
1923.28	3531.6
1924.83	3499
1926.38	3526
1927.93	3514.6
1929.48	3515.6
1931.03	3488.6
1932.58	3531.8
1934.13	3510.4
1935.68	3517.2
1937.23	3517.2
1938.78	3496.2
1940.33	3497.2
1941.87	3517.2
1943.42	3508.2
1944.97	3510
1946.51	3549.8
1948.06	3548.6
1949.61	3545
1951.15	3533.2
1952.7	3551
1954.24	3544.6
1955.79	3577.6
1957.33	3579.6
1958.88	3555.2
1960.42	3582.2
1961.96	3536.2
1963.51	3575.4
1965.05	3578.4
1966.59	3569
1968.13	3592.8
1969.67	3590.2
1971.22	3600.4
1972.76	3590.6
1974.3	3601.6
1975.84	3605.6
1977.38	3627.8
1978.92	3616.6
1980.46	3606.8
1982	3622.2
1983.54	3600.6
1985.07	3621.6
1986.61	3671.2
1988.15	3632.6
1989.69	3662.4
1991.22	3650.8
1992.76	3648.8
1994.3	3643.2
1995.83	3657.8
1997.37	3652.8
1998.9	3653.2
