      1       2       3       4       0       0       0       0       0       0       1 30 50
   25.9     0.0    47.7    24.3     0.0    25.6     0.0     0.0     0.0     0.0   9:53:10
   25.9     0.0    47.7    24.3     0.0     0.0     0.0     0.0     0.0     0.0   9:53:11
   25.9     0.0    47.7    24.3     0.0     0.0     0.0     0.0     0.0     0.0   9:53:12
   25.9     0.0    47.7    24.3     0.0     0.0     0.0     0.0     0.0     0.0   9:53:13
   25.9     0.0    47.7    24.3     0.0     0.0     0.0     0.0     0.0     0.0   9:53:14
   25.9     0.0    47.7    24.3     0.0     0.0     0.0     0.0     0.0     0.0   9:53:15
   25.9     0.0    47.7    24.3     0.0     0.0     0.0     0.0     0.0     0.0   9:53:16
   25.9     0.0    47.7    24.3     0.0     0.0     0.0     0.0     0.0     0.0   9:53:17
   25.9     0.0    47.7    24.3     0.0     0.0     0.0     0.0     0.0     0.0   9:53:18
   25.9     0.0    47.7    24.3     0.0     0.0     0.0     0.0     0.0     0.0   9:53:19
   25.9     0.0    47.7    24.3     0.0     0.0     0.0     0.0     0.0     0.0   9:53:20
   25.9     0.0    47.7    24.3     0.0     0.0     0.0     0.0     0.0     0.0   9:53:21
   25.9     0.0    47.7    24.3     0.0     0.0     0.0     0.0     0.0     0.0   9:53:22
   25.9     0.0    47.7    24.3     0.0     0.0     0.0     0.0     0.0     0.0   9:53:23
   25.9     0.0    47.7    24.3     0.0     0.0     0.0     0.0     0.0     0.0   9:53:24
   25.9     0.0    47.7    24.3     0.0     0.0     0.0     0.0     0.0     0.0   9:53:25
   25.9     0.0    47.7    24.3     0.0     0.0     0.0     0.0     0.0     0.0   9:53:26
   25.9     0.0    47.7    24.3     0.0     0.0     0.0     0.0     0.0     0.0   9:53:27
   25.9     0.0    47.7    24.3     0.0     0.0     0.0     0.0     0.0     0.0   9:53:28
   25.9     0.0    47.7    24.3     0.0     0.0     0.0     0.0     0.0     0.0   9:53:29
   25.9     0.0    47.7    24.3     0.0     0.0     0.0     0.0     0.0     0.0   9:53:30
   25.9     0.0    47.7    24.3     0.0     0.0     0.0     0.0     0.0     0.0   9:53:31
   25.8     0.0    47.7    24.3     0.0     0.0     0.0     0.0     0.0     0.0   9:53:32
   25.8     0.0    47.7    24.3     0.0     0.0     0.0     0.0     0.0     0.0   9:53:33
   25.8     0.0    47.7    24.3     0.0     0.0     0.0     0.0     0.0     0.0   9:53:34
   25.8     0.0    47.7    24.3     0.0     0.0     0.0     0.0     0.0     0.0   9:53:36
   25.8     0.0    47.7    24.3     0.0     0.0     0.0     0.0     0.0     0.0   9:53:37
   25.8     0.0    47.7    24.3     0.0     0.0     0.0     0.0     0.0     0.0   9:53:38
   25.8     0.0    47.7    24.3     0.0     0.0     0.0     0.0     0.0     0.0   9:53:39
   25.8     0.0    47.7    24.3     0.0     0.0     0.0     0.0     0.0     0.0   9:53:40
   25.8     0.0    47.7    24.3     0.0     0.0     0.0     0.0     0.0     0.0   9:53:41
   25.8     0.0    47.7    24.3     0.0     0.0     0.0     0.0     0.0     0.0   9:53:42
   25.8     0.0    47.7    24.3     0.0     0.0     0.0     0.0     0.0     0.0   9:53:43
   25.8     0.0    47.7    24.3     0.0     0.0     0.0     0.0     0.0     0.0   9:53:44
   25.8     0.0    47.7    24.3     0.0     0.0     0.0     0.0     0.0     0.0   9:53:45
   25.8     0.0    47.7    24.3     0.0     0.0     0.0     0.0     0.0     0.0   9:53:46
   25.8     0.0    47.7    24.3     0.0     0.0     0.0     0.0     0.0     0.0   9:53:47
   25.8     0.0    47.7    24.3     0.0     0.0     0.0     0.0     0.0     0.0   9:53:48
   25.8     0.0    47.7    24.3     0.0     0.0     0.0     0.0     0.0     0.0   9:53:49
   25.8     0.0    47.7    24.3     0.0     0.0     0.0     0.0     0.0     0.0   9:53:50
   25.8     0.0    47.7    24.3     0.0     0.0     0.0     0.0     0.0     0.0   9:53:51
   25.8     0.0    47.7    24.3     0.0     0.0     0.0     0.0     0.0     0.0   9:53:52
   25.8     0.0    47.7    24.3     0.0     0.0     0.0     0.0     0.0     0.0   9:53:53
   25.8     0.0    47.7    24.3     0.0     0.0     0.0     0.0     0.0     0.0   9:53:54
   25.8     0.0    47.7    24.3     0.0     0.0     0.0     0.0     0.0     0.0   9:53:55
   25.8     0.0    47.7    24.3     0.0     0.0     0.0     0.0     0.0     0.0   9:53:56
   25.8     0.0    47.7    24.3     0.0     0.0     0.0     0.0     0.0     0.0   9:53:57
   25.8     0.0    47.7    24.3     0.0     0.0     0.0     0.0     0.0     0.0   9:53:58
   25.8     0.0    47.7    24.3     0.0     0.0     0.0     0.0     0.0     0.0   9:53:59
   25.7     0.0    47.7    24.3     0.0     0.0     0.0     0.0     0.0     0.0   9:54: 0
   25.7     0.0    47.7    24.3     0.0     0.0     0.0     0.0     0.0     0.0   9:54: 1
   25.7     0.0    47.7    24.3     0.0     0.0     0.0     0.0     0.0     0.0   9:54: 2
   25.7     0.0    47.7    24.3     0.0     0.0     0.0     0.0     0.0     0.0   9:54: 3
   25.7     0.0    47.7    24.3     0.0     0.0     0.0     0.0     0.0     0.0   9:54: 4
   25.7     0.0    47.7    24.3     0.0     0.0     0.0     0.0     0.0     0.0   9:54: 5
   25.7     0.0    47.7    24.3     0.0     0.0     0.0     0.0     0.0     0.0   9:54: 6
   25.7     0.0    47.7    24.3     0.0     0.0     0.0     0.0     0.0     0.0   9:54: 7
   25.7     0.0    47.7    24.3     0.0     0.0     0.0     0.0     0.0     0.0   9:54: 8
   25.7     0.0    47.7    24.3     0.0     0.0     0.0     0.0     0.0     0.0   9:54: 9
   25.7     0.0    47.7    24.3     0.0     0.0     0.0     0.0     0.0     0.0   9:54:10
